#CuotasPorPropiedad
-------------------------------------------------------------------------------------------------------------------
                                        Porcentajes                         Importes
-------------------------------------------------------------------------------------------------------------------
CPd     Nombre Propietario             %E    %G    %C              E.             G.             C.           Total
-------------------------------------------------------------------------------------------------------------------
0-A        Maria Gutierrez              8     0     0          390,88           0.00           0.00          390,88
0-B        Miguel Palacios              9     0     0          439,74           0.00           0.00          439,74
0-C              Nuria Mas              9     0     0          439,74           0.00           0.00          439,74
1-A         Ricardo Torres              9     0    12          439,74           0.00         549,60          989,34
1-B          Tomas Asensio             10     0    14          488,60           0.00         641,20         1129,80
1-C           Enrique Alos             10     0    14          488,60           0.00         641,20         1129,80
2-A            Jorge Salas             15     0    20          732,90           0.00         916,00         1648,90
2-B        Jaime Rodriguez             15     0    20          732,90           0.00         916,00         1648,90
2-C          Nestor Crespo             15     0    20          732,90           0.00         916,00         1648,90
P01            Paula Cabos              0    10     0            0.00          33,60           0.00           33,60
P02           Juan Tenorio              0    10     0            0.00          33,60           0.00           33,60
P03            Jorge Salas              0    10     0            0.00          33,60           0.00           33,60
P04        Jaime Rodriguez              0    10     0            0.00          33,60           0.00           33,60
P05          Nestor Crespo              0    10     0            0.00          33,60           0.00           33,60
P06        Maria Gutierrez              0    10     0            0.00          33,60           0.00           33,60
P07          Pedro Navarra              0    10     0            0.00          33,60           0.00           33,60
P08          Sergio Briban              0    10     0            0.00          33,60           0.00           33,60
P09        Carlos Escudero              0    10     0            0.00          33,60           0.00           33,60
P10         Ruben Palencia              0    10     0            0.00          33,60           0.00           33,60
-------------------------------------------------------------------------------------------------------------------
19 propiedades                        100   100   100            4886            336           4580         9802,00


#CuotasPorPropietario
-------------------------------------------------------------------------------------------------------------------
                                        Porcentajes                         Importes
-------------------------------------------------------------------------------------------------------------------
Cod     Nombre Propietario             %E    %G    %C              E.             G.             C.           Total
-------------------------------------------------------------------------------------------------------------------
01             Jorge Salas             15    10    20          732,90          33,60         916,00         1682,50
02         Jaime Rodriguez             15    10    20          732,90          33,60         916,00         1682,50
03           Nestor Crespo             15    10    20          732,90          33,60         916,00         1682,50
04         Maria Gutierrez              8    10     0          390,88          33,60           0.00          424,48
05         Miguel Palacios              9     0     0          439,74           0.00           0.00          439,74
06               Nuria Mas              9     0     0          439,74           0.00           0.00          439,74
07          Ricardo Torres              9     0    12          439,74           0.00         549,60          989,34
08           Tomas Asensio             10     0    14          488,60           0.00         641,20         1129,80
09            Enrique Alos             10     0    14          488,60           0.00         641,20         1129,80
10           Pedro Navarra              0    10     0            0.00          33,60           0.00           33,60
11           Sergio Briban              0    10     0            0.00          33,60           0.00           33,60
12         Carlos Escudero              0    10     0            0.00          33,60           0.00           33,60
13          Ruben Palencia              0    10     0            0.00          33,60           0.00           33,60
14             Paula Cabos              0    10     0            0.00          33,60           0.00           33,60
15            Juan Tenorio              0    10     0            0.00          33,60           0.00           33,60
-------------------------------------------------------------------------------------------------------------------
15 propietarios                       100   100   100            4886            336           4580         9802,00